Beer_Volume,Beer.price_lag_3,Nominal.Cider.Perry.Price,Cider.Perry.Volume,Unemployment.rate_lag_1,Unemployment.Female.PCT_lag_3,Unemployment.Male.PCT_lag_1,Employment.rate,Employment.Male.PCT,Employment.Female.PCT_lag_1,Employment.to.population.ratio.15.,Money.Supply_inv,Currency.in.Circulation_lag_2,Customs.and.import.tax,Taxes.on.goods.and.services_lag_3,Total.Excise,Wine.Equalistaion.Tax_lag_3,Global.events_lag_1,Festivals,Holiday.flags,No..of.festive.days.in.the.month,No.of.working.days_inv,Number.of.Tourists.1wk._inv,Number.of.Tourists.1.2.wks_lag_3,Number.of.Tourists.2wks.1mth,Number.of.Tourists.1.2mths_lag_2,Number.of.Tourists.2.3mths_lag_2,Number.of.Tourists.3.6mths_lag_2,Number.of.Tourists.6.12mths_lag_1,Season_lag_1,System.Shocks...RTD.tax..CDS..GST..Sydney.LockOut.Laws.etc._lag_3,Elections_lag_3,PMI_lag_1,FAI.Evolution_lag_3,Real.Estate.Investment_lag_3,GDP_lag_1,GDP.per.capita_lag_1,GDP.per.capita.growth_SqRT,GDP.Growth.rate_SqRT,Private.Sector.Expenditure_lag_1,Cash.Consumption.Expenditure_lag_1,Government.Expenditure_lag_3,Total.Exports_inv,Total.Imports_inv,Balance.of.Import.and.Export_lag_1,CPI_inv,Inflation.PCT_lag_3,Total.Import.and.Export_inv,Population.NSW_inv,Population.VIC_inv,Population.QLD_inv,Population.SA_inv,Population.WA_inv,Population.TAS_lag_3,Population.NT_inv,Population.ACT_inv,Population.Australia_inv,Population.by.Gender_lag_3,GDP.USD_lag_1,Government.Revenue_lag_1,FDI.Investment.Utilized,Urbanization.rate_lag_1,WPI_lag_1,GDP.deflator_lag_1,Urban.population_lag_1,Urban.population.PCT.growth,Total.Population_lag_1,LDA.Population_lag_1,Population.Under.18_lag_1,Population.in.age.bracket.18...24_lag_1,Population.in.age.bracket.25...34_lag_1,Population.in.age.bracket.35...44_lag_1,Population.in.age.bracket.45...54_lag_1,Population.in.age.bracket.55...64_lag_1,Population.in.age.bracket.65...74_lag_1,Population.in.age.bracket.75...84_lag_1,Population.in.age.bracket.85...100_lag_1,On.premise...Off.premise.Split_lag_1,Total.expenditure_lag_1,PCT.of.population.born.locally_lag_1,Output.of.Beer_lag_1,Output.of.Cider..Perry_inv,Output.of.RTDs..High.Strength.Premixes_lag_1,Output.of.Spirits_lag_1,Output.of.Wine_inv,Output.of.Soft.Drinks_lag_1,Disposable.Income_lag_1,Weighted.Temp_inv
1,-0.157122957,-0.165410458,0.358590088,-0.154984321,-0.239518868,-0.109160827,0.242779594,0.264305191,0.172952005,0.12247267,0.15817536,-0.122680355,0.174618406,-0.299962223,0.448331809,-0.165779437,-0.168173628,0.702384192,0.63550669,0.641000621,0.438989732,0.350758544,0.257013405,0.269834399,-0.356369837,-0.279773073,-0.292253172,-0.460246404,-0.661570613,-0.119149865,0.2467952,0.121825579,-0.148205292,-0.13752844,0.153469336,0.340808619,0.447940863,0.449554582,0.125285059,0.197262941,-0.239843543,0.085916885,0.069912362,0.029215904,0.164597504,-0.130283274,0.081048571,0.149463456,0.152665875,0.161540068,0.161979176,0.165257371,-0.164496532,0.180381437,0.163132565,0.157250725,-0.104335267,-0.219996369,-0.195281625,0.175584652,-0.217318886,-0.215160638,-0.219370487,-0.219892692,0.138168458,-0.220167263,-0.221024608,-0.214853328,-0.20593767,-0.219313809,-0.223340081,-0.226647624,-0.224349319,-0.219400537,-0.212540794,-0.223013099,-0.214014955,-0.218313252,-0.216877931,0.227852173,0.220549172,0.231955097,-0.219905597,0.220533393,-0.224981954,-0.21351525,-0.540713389
-0.157122957,1,0.63497614,0.701111113,0.483711003,0.450768248,0.436650026,-0.701004703,-0.791896597,-0.387308989,-0.867395716,-0.933413423,0.947662752,0.815047068,0.230086163,0.010717922,0.273753348,-0.079222408,0.017488462,-0.06560366,-0.053329702,-0.040466172,-0.639358179,0.601463152,0.373403718,0.304784617,0.152854079,0.077994439,-0.024181971,-0.036540135,0.175907948,0.043571048,0.031039317,0.746039087,0.837263058,0.834031646,0.58443724,-0.050820798,-0.043523879,0.845399905,0.811002418,0.816030462,-0.85042075,-0.62717292,-0.057438694,-0.923742615,-0.045322266,-0.768659798,-0.954757097,-0.955078755,-0.949882465,-0.950535262,-0.946678475,0.839373431,-0.955041319,-0.939204099,-0.953523743,0.75566441,0.749064117,0.947456231,-0.537722427,0.952859757,0.851017902,0.832892946,0.951623101,-0.199710213,0.951342395,0.948984856,0.960563234,0.948367486,0.953363096,0.937655467,0.931637254,0.920907805,0.954662501,0.953155969,0.942422624,0.91932766,0.947405154,0.958393124,-0.916496756,-0.87799828,-0.874162616,0.893919967,-0.841428039,0.934504559,0.900680594,-0.074964208
-0.165410458,0.63497614,1,0.560232458,-0.049791372,-0.056599832,-0.114776394,-0.261569853,-0.359087379,-0.000722047,-0.500400026,-0.821890109,0.607843038,0.553487036,0.120896646,0.103508456,0.281667317,-0.04633528,-0.010227277,-0.086498218,-0.010888336,-0.004735458,-0.661688302,0.598177749,0.353472583,0.351893998,0.252106007,0.130102272,-0.107905004,-0.060617522,-0.009066208,0.008042362,0.083009597,0.804770856,0.850830952,0.658019676,0.482096394,0.013285504,0.025901576,0.734148082,0.691571355,0.811317697,-0.626730436,-0.866212021,0.668668259,-0.808745498,0.105508912,-0.823241314,-0.753319176,-0.761701853,-0.801973079,-0.787557343,-0.821756187,0.833786283,-0.793673091,-0.827140116,-0.783278417,0.427492655,0.946531871,0.677772353,-0.439817536,0.725475512,0.713755378,0.866904403,0.743743634,-0.405596897,0.745372819,0.752173031,0.706648582,0.619644007,0.749255144,0.813405305,0.773473904,0.770192746,0.746754098,0.683250046,0.762652779,0.796917135,0.737854905,0.723371982,-0.838605919,-0.87368366,-0.841970192,0.822729638,-0.70380398,0.760364181,0.773338001,-0.000902442
0.358590088,0.701111113,0.560232458,1,0.242771391,0.09156302,0.23391938,-0.448998294,-0.497987946,-0.255677119,-0.688655984,-0.761396752,0.760673146,0.798651038,-0.024299437,0.227890383,0.171926878,-0.079701881,0.422831192,0.369038928,0.423334773,0.360275874,-0.336415416,0.806879133,0.607814395,0.105536497,0.10013151,-0.078077516,-0.281438246,-0.425408717,0.060784941,0.231047578,0.142808744,0.673305264,0.725925612,0.803885262,0.693244228,0.177346866,0.181821753,0.822789114,0.843772149,0.656050184,-0.662642725,-0.577872217,0.171052699,-0.751448953,0.015558698,-0.648311222,-0.766518644,-0.76518833,-0.759153963,-0.757835154,-0.756707659,0.696808956,-0.722171948,-0.757639252,-0.762940818,0.667052035,0.625676042,0.694951502,-0.477179972,0.708883918,0.677552707,0.681599438,0.709523256,-0.28353927,0.709553799,0.7099238,0.705158053,0.678647275,0.709769046,0.708449218,0.705205708,0.705333139,0.710487797,0.705432472,0.709814496,0.709510091,0.710829396,0.705473544,-0.705070442,-0.711758992,-0.682152063,0.701508986,-0.626421496,0.69884464,0.688682083,-0.432137987
-0.154984321,0.483711003,-0.049791372,0.242771391,1,0.336616626,0.938486244,-0.565788813,-0.603639276,-0.560959214,-0.569844355,-0.310852292,0.551588071,0.263618646,-0.035835907,-0.199977183,0.087623364,0.273193235,-0.099636213,-0.074882329,0.003465455,0.044440912,-0.32399172,0.091630926,-0.072607053,0.075019183,-0.174300202,-0.335312631,0.212566524,-0.075702461,0.098939937,-0.08811347,-0.045010588,0.228780537,0.272911448,0.074676238,-0.172481644,0.08508536,0.08910553,0.070161699,0.064298795,0.176596568,-0.282656627,0.170478111,-0.542714895,-0.299274136,-0.086845162,-0.004372227,-0.3866953,-0.382133343,-0.346963796,-0.351876899,-0.338998038,0.183440206,-0.364886936,-0.31470645,-0.36560157,0.440311201,0.085895952,0.532993324,-0.192273165,0.473584407,0.369021479,0.246782389,0.455725333,0.127276582,0.453838908,0.445715717,0.49549812,0.542469516,0.45549763,0.390764267,0.400248473,0.397756668,0.45807598,0.507610966,0.428382102,0.402468708,0.459630623,0.479208028,-0.342577343,-0.240933657,-0.277163313,0.34876732,-0.310241218,0.411896396,0.395418433,-0.23577583
-0.239518868,0.450768248,-0.056599832,0.09156302,0.336616626,1,0.296538559,-0.329097343,-0.41254986,-0.176476524,-0.442588901,-0.321876498,0.377672602,0.321430735,0.153686765,-0.056542452,0.063882413,-0.09235681,-0.140429201,-0.087036328,-0.010134027,-0.052411227,-0.225917267,-0.060979624,0.257729939,-0.236413856,-0.375673502,-0.134493352,0.110741435,0.295178164,0.456861229,-0.039157225,-0.013558764,-0.082726082,0.064423351,0.274226855,0.149344935,0.138824586,0.137825511,0.246622495,0.196805681,0.113292182,-0.426622426,-0.030972324,-0.43601946,-0.319195534,0.083799947,-0.204259909,-0.361583233,-0.35852663,-0.333431187,-0.343619602,-0.313524616,0.260999949,-0.336004599,-0.306308928,-0.344326737,0.435360539,0.122472453,0.412197935,-0.292605972,0.412329521,0.378643578,0.24994559,0.400027333,-0.069327551,0.398904369,0.394329818,0.421751331,0.459943431,0.395451292,0.342574511,0.375600473,0.3764277,0.397417492,0.437664682,0.386789431,0.34328217,0.404451175,0.410809984,-0.320267784,-0.248563,-0.296003305,0.325666846,-0.262441092,0.3809751,0.355651251,0.380905258
-0.109160827,0.436650026,-0.114776394,0.23391938,0.938486244,0.296538559,1,-0.599559644,-0.650446165,-0.527115922,-0.578534987,-0.240920066,0.505968133,0.29914698,-0.008704376,-0.204605055,-0.05085139,0.192007013,-0.098176958,-0.095157749,-0.034649534,-0.003957913,-0.238007441,0.065202159,-0.064258322,0.116822566,-0.112733474,-0.237610886,0.163053067,-0.085116483,0.075516868,-0.063228063,-0.093743596,0.22549903,0.251440275,0.097627584,-0.094243371,0.008777553,0.015597395,0.050477791,0.055763843,0.122249477,-0.288196592,0.224351663,-0.619130153,-0.223872464,-0.226225817,0.028335902,-0.322560915,-0.318825374,-0.28304064,-0.282239867,-0.279283631,0.063838937,-0.323368092,-0.242594365,-0.302240305,0.318150066,-0.003735536,0.490324174,-0.030643866,0.388647085,0.243518926,0.155826057,0.36990314,0.298116832,0.367773607,0.358206467,0.417408443,0.461538943,0.373516106,0.312409691,0.299154893,0.293402573,0.376482311,0.423447535,0.335936818,0.332367119,0.372176744,0.399657026,-0.251467091,-0.133773608,-0.163034119,0.254209278,-0.222071662,0.313363755,0.303333115,-0.212313916
0.242779594,-0.701004703,-0.261569853,-0.448998294,-0.565788813,-0.329097343,-0.599559644,1,0.953494672,0.336541535,0.802413088,0.583176246,-0.723389334,-0.585399361,-0.391384475,0.1555052,-0.134286306,0.024511367,-0.012721103,0.031477839,0.172730115,0.164103354,0.33499933,-0.297461682,-0.012225754,-0.389067711,-0.413742123,-0.244720028,0.003260961,-0.065757569,-0.13818722,0.06289545,-0.064912298,-0.544454117,-0.565252686,-0.557591931,-0.386842926,0.224360116,0.21897666,-0.516810267,-0.515115077,-0.532066588,0.552664413,0.204555125,0.293374101,0.596351257,0.107240658,0.356387283,0.65486335,0.652540875,0.627392349,0.630481565,0.620384064,-0.44830901,0.642064557,0.59991936,0.640732312,-0.580397575,-0.358445314,-0.695169459,0.360414742,-0.653133107,-0.54246171,-0.47864237,-0.642508591,0.039229742,-0.641267807,-0.635495198,-0.669781711,-0.689019217,-0.644445801,-0.60414451,-0.598866974,-0.593057077,-0.646159447,-0.671409391,-0.621807239,-0.605761971,-0.642774852,-0.659838038,0.565145704,0.528052584,0.504413767,-0.561170249,0.552537589,-0.607414922,-0.591628772,0.070675348
0.264305191,-0.791896597,-0.359087379,-0.497987946,-0.603639276,-0.41254986,-0.650446165,0.953494672,1,0.356590097,0.872957737,0.691009967,-0.801028687,-0.686183584,-0.302983528,0.140590634,-0.077519723,0.087160273,0.070415263,0.129339533,0.201475382,0.198931813,0.48579259,-0.348566881,-0.14124638,-0.36459925,-0.295525272,-0.221887177,0.03288096,-0.103271838,-0.161464146,0.054951966,0.00955112,-0.62142369,-0.666614146,-0.626606588,-0.425123855,0.231119425,0.223231039,-0.583061766,-0.57040158,-0.62281928,0.684156451,0.306218498,0.279959371,0.689808961,0.139011699,0.477586048,0.746417295,0.745503299,0.724515571,0.721208078,0.721743197,-0.528704253,0.743112996,0.694066851,0.735879188,-0.628948999,-0.454194709,-0.814022396,0.344101452,-0.751165231,-0.628926785,-0.592151319,-0.740359398,0.000390858,-0.739058132,-0.733254491,-0.767402556,-0.771492257,-0.743845602,-0.708027767,-0.690597743,-0.686185276,-0.746412279,-0.769441231,-0.718534423,-0.723801838,-0.742221081,-0.75662005,0.665573626,0.601738961,0.588202956,-0.662712442,0.590708876,-0.694483315,-0.68140953,-0.020685813
0.172952005,-0.387308989,-0.000722047,-0.255677119,-0.560959214,-0.176476524,-0.527115922,0.336541535,0.356590097,1,0.487868465,0.262235896,-0.492262841,-0.148050637,0.165438783,0.283211278,-0.107943364,-0.322392018,0.214800497,0.201474075,0.197412817,0.011644573,0.243939848,-0.047638806,-0.09495655,-0.453020318,-0.123328434,0.185684569,-0.500118188,-0.079464724,-0.089573837,0.00178754,-0.286742501,-0.237251214,-0.219789412,-0.093169409,0.109457958,0.296214833,0.30078518,-0.109836135,-0.108953833,-0.259869603,0.22989587,-0.021971428,0.312350081,0.268758631,0.044328254,0.077635787,0.317780396,0.313207871,0.284193085,0.299199587,0.268026438,-0.192734141,0.290392706,0.265284009,0.298605073,-0.354369079,-0.133146021,-0.381436198,0.270355797,-0.397714111,-0.340787327,-0.215793262,-0.388353391,0.051709355,-0.387438333,-0.382687896,-0.411383117,-0.459850398,-0.384983439,-0.33658903,-0.366986511,-0.360007404,-0.385623822,-0.416589549,-0.374369532,-0.311197234,-0.386545621,-0.403444748,0.313365679,0.226640812,0.299496235,-0.305953547,0.332700789,-0.380971085,-0.350494329,0.21469596
0.12247267,-0.867395716,-0.500400026,-0.688655984,-0.569844355,-0.442588901,-0.578534987,0.802413088,0.872957737,0.487868465,1,0.819669925,-0.889147437,-0.77830971,-0.159626986,0.048735346,-0.19587173,0.079464011,0.006184345,0.047730519,0.007324714,0.026129535,0.574529171,-0.565423226,-0.414062913,-0.293599288,-0.154393754,-0.106762426,0.088567665,0.00831255,-0.177370388,-0.002475223,-0.269821185,-0.653241392,-0.729168789,-0.746815948,-0.525489702,0.09319581,0.085554395,-0.728656133,-0.709540107,-0.703554056,0.840892734,0.525204444,0.160877453,0.830433491,0.112781566,0.682454909,0.873249051,0.872392874,0.85442967,0.858445252,0.843967185,-0.679007715,0.86417314,0.830715846,0.863392409,-0.723553354,-0.600223315,-0.877979426,0.516848268,-0.865138693,-0.762475743,-0.70990006,-0.858412887,0.190322264,-0.857593384,-0.853427197,-0.876821729,-0.88255801,-0.859592494,-0.827994538,-0.826351244,-0.819144082,-0.861093541,-0.875831831,-0.843362609,-0.81960924,-0.857218454,-0.870269948,0.797869234,0.745013793,0.746615773,-0.78692947,0.753633166,-0.831908452,-0.807164733,0.022090671
0.15817536,-0.933413423,-0.821890109,-0.761396752,-0.310852292,-0.321876498,-0.240920066,0.583176246,0.691009967,0.262235896,0.819669925,1,-0.928802802,-0.814017748,-0.191487311,-0.057823604,-0.294312954,0.086638502,-0.008852012,0.071425602,-0.003510909,0.008995136,0.720726095,-0.730098708,-0.491769374,-0.350004892,-0.212793034,-0.128082506,0.125909071,0.037365321,-0.152147697,-0.029576567,-0.121323821,-0.827083392,-0.9177976,-0.863115877,-0.623748148,0.055097007,0.046624922,-0.906337256,-0.873195978,-0.920719131,0.875945652,0.809126591,-0.251277553,0.992868367,-0.11490422,0.885777614,0.988991678,0.990412776,0.994938491,0.992305787,0.99426518,-0.955066124,0.972950696,0.995685037,0.993328324,-0.818444673,-0.892241703,-0.936194207,0.661201119,-0.975288532,-0.941508459,-0.945760561,-0.978356216,0.437001345,-0.978623257,-0.98003114,-0.96778589,-0.931833697,-0.978264688,-0.9811354,-0.980406015,-0.979953429,-0.97817558,-0.965425296,-0.981972622,-0.971468744,-0.978677724,-0.970893217,0.982292615,0.966311397,0.963551017,-0.976756813,0.840966715,-0.973409627,-0.962160437,0.004772007
-0.122680355,0.947662752,0.607843038,0.760673146,0.551588071,0.377672602,0.505968133,-0.723389334,-0.801028687,-0.492262841,-0.889147437,-0.928802802,1,0.809610892,0.191662648,-0.045171006,0.255774463,0.066687817,0.023702534,-0.038108421,0.002789817,0.050889888,-0.615869664,0.643376629,0.384704448,0.413195396,0.219306918,0.013077885,0.067939308,-0.119703638,0.171065192,0.027609099,0.054848945,0.750226879,0.836127537,0.79568081,0.530841445,-0.016645172,-0.009451308,0.815223175,0.793830024,0.804387362,-0.821323355,-0.570296818,-0.06702985,-0.922496386,0.038305206,-0.715057743,-0.957445438,-0.955963671,-0.943000819,-0.944618436,-0.936744596,0.827591419,-0.93129313,-0.929655305,-0.950394963,0.830893262,0.722856583,0.955232105,-0.593077195,0.963633724,0.884871551,0.831784847,0.958758914,-0.255897225,0.958190738,0.955589379,0.968713646,0.964070467,0.958532678,0.931823134,0.936963031,0.933041468,0.959605479,0.970228871,0.949326759,0.923063247,0.959145372,0.964302994,-0.911182857,-0.864425603,-0.870127989,0.904357419,-0.804807698,0.938313557,0.91593432,-0.187865348
0.174618406,0.815047068,0.553487036,0.798651038,0.263618646,0.321430735,0.29914698,-0.585399361,-0.686183584,-0.148050637,-0.77830971,-0.814017748,0.809610892,1,0.176240214,0.222190182,0.037442917,-0.265097934,0.255844852,0.107448197,0.129548299,0.016657711,-0.458971101,0.675253037,0.501510053,0.177989659,0.099913431,0.119046316,-0.373051375,-0.228949186,0.232090389,0.115413125,0.043243096,0.659868129,0.754931095,0.905066613,0.800599554,0.063673947,0.072625483,0.87556619,0.874039499,0.69711304,-0.829724,-0.601921836,0.007527314,-0.795561665,-0.100743378,-0.73185329,-0.826639362,-0.826323721,-0.818462684,-0.811374913,-0.818196451,0.701873005,-0.807191508,-0.801784846,-0.823098352,0.674659888,0.61132336,0.800430183,-0.395561116,0.775761405,0.70416845,0.709018743,0.772354157,-0.127122032,0.771905662,0.769917434,0.779841356,0.756395992,0.774356067,0.76249009,0.748805857,0.746625187,0.776782904,0.781017956,0.763974677,0.776077188,0.774164693,0.775278769,-0.743122932,-0.700939632,-0.691549774,0.735770963,-0.632534389,0.743048927,0.725192306,-0.093661994
-0.299962223,0.230086163,0.120896646,-0.024299437,-0.035835907,0.153686765,-0.008704376,-0.391384475,-0.302983528,0.165438783,-0.159626986,-0.191487311,0.191662648,0.176240214,1,-0.144109331,0.185553431,-0.184410036,-0.221015898,-0.243934572,-0.416796695,-0.488544238,-0.078590881,0.017667543,-0.383086089,0.324311133,0.427576096,0.359418467,0.073791812,0.022463334,0.257473574,-0.154276236,-0.086307999,0.182098707,0.188736834,0.231487557,0.217717429,-0.067060414,-0.067964842,0.212762487,0.180369945,0.208997328,-0.134205824,-0.125123575,-0.037636384,-0.215051348,0.107207412,-0.138421229,-0.215540338,-0.214487522,-0.211337618,-0.215977318,-0.206963959,0.211616209,-0.198540316,-0.213368245,-0.212984501,0.22093978,0.15400629,0.160202807,-0.214117761,0.182965752,0.186634233,0.164466925,0.183236845,-0.150047342,0.183309016,0.183646059,0.180897399,0.181915465,0.181656368,0.177241342,0.187861805,0.187729383,0.181397819,0.182214576,0.185017278,0.1684797,0.1831585,0.181518002,-0.180221267,-0.22464506,-0.186517874,0.179073274,-0.212293763,0.187967125,0.181332667,0.158772466
0.448331809,0.010717922,0.103508456,0.227890383,-0.199977183,-0.056542452,-0.204605055,0.1555052,0.140590634,0.283211278,0.048735346,-0.057823604,-0.045171006,0.222190182,-0.144109331,1,-0.147983118,-0.265871504,0.323241957,0.303032664,0.351005622,0.204117699,0.114447928,0.234108561,0.283185647,-0.28431211,-0.198263178,-0.047069022,-0.425955267,-0.197657887,-0.077951255,0.282054042,0.139380931,0.009148347,0.0468042,0.248697275,0.345869997,0.15947194,0.166947277,0.248701285,0.265573947,0.039826332,-0.104991212,-0.186802247,0.210080693,-0.052383754,0.018460169,-0.165566812,-0.034578101,-0.035666631,-0.046427838,-0.038917688,-0.052043932,0.075355519,-0.049020808,-0.051150736,-0.041373106,-0.047927316,0.082003425,-0.030341755,0.044344889,0.008069348,0.029898413,0.034294659,0.012801052,-0.005620815,0.013284099,0.015390929,0.002031227,-0.001311242,0.012157618,0.024118719,0.029459125,0.029306101,0.009934193,-0.003217712,0.020051933,0.004795747,0.010441803,0.007768522,-0.036897588,-0.02967233,-0.061698121,0.03757909,0.015035531,0.031622372,0.040532645,-0.110009986
-0.165779437,0.273753348,0.281667317,0.171926878,0.087623364,0.063882413,-0.05085139,-0.134286306,-0.077519723,-0.107943364,-0.19587173,-0.294312954,0.255774463,0.037442917,0.185553431,-0.147983118,1,0.17268153,0.037830118,0.045045211,0.00372795,0.057669168,-0.21683098,0.25061785,-0.024544893,0.136708586,0.135582007,-0.000498362,0.158241069,0.025366491,0.089379008,-0.001010501,0.22450774,0.236018291,0.234963421,0.156596535,0.025143069,-0.016296968,-0.021050589,0.235095755,0.215599932,0.321105463,-0.179785534,-0.32540802,0.255814184,-0.344817094,0.294775251,-0.281760126,-0.316097931,-0.314473118,-0.317804729,-0.334952541,-0.307125974,0.414830271,-0.298037415,-0.339032911,-0.316220787,0.292238396,0.344151418,0.236590692,-0.568291569,0.324237152,0.363637742,0.315513738,0.329223907,-0.578599647,0.329860923,0.332736055,0.313513536,0.315623931,0.324598339,0.326037561,0.35757678,0.357821553,0.321946149,0.312743439,0.340847336,0.289171486,0.327145764,0.320210806,-0.346944469,-0.429158164,-0.390174851,0.346114468,-0.496701153,0.359746972,0.353754491,-0.139904372
-0.168173628,-0.079222408,-0.04633528,-0.079701881,0.273193235,-0.09235681,0.192007013,0.024511367,0.087160273,-0.322392018,0.079464011,0.086638502,0.066687817,-0.265097934,-0.184410036,-0.265871504,0.17268153,1,0.089356454,0.169131299,0.179093791,0.408742307,0.082107212,-0.15991497,-0.266284768,0.205908622,-0.03350777,-0.489770165,0.619082293,-0.002824859,-0.052811425,-0.075241933,-0.092605875,-0.071426342,-0.058740361,-0.375058222,-0.528770752,0.238806821,0.2386989,-0.297386468,-0.299881672,-0.103094261,0.197024447,0.209258547,-0.010957755,0.081719477,0.064964188,0.217425125,0.075448802,0.075141556,0.073532006,0.073934151,0.067201403,-0.020100596,0.07651539,0.06871915,0.073332667,-0.001054625,0.003290199,0.009360414,0.011504677,0.009792225,0.010197966,0.006754721,0.009485171,0.012113796,0.009461745,0.009382958,0.009848486,0.010633675,0.009287809,0.007967131,0.009172593,0.009337858,0.009368925,0.010503828,0.009313602,0.008288745,0.009701993,0.009558008,-0.007725411,0.011258747,-0.007463482,0.00797354,0.010866795,0.009081587,0.00824686,-0.321197619
0.702384192,0.017488462,-0.010227277,0.422831192,-0.099636213,-0.140429201,-0.098176958,-0.012721103,0.070415263,0.214800497,0.006184345,-0.008852012,0.023702534,0.255844852,-0.221015898,0.323241957,0.037830118,0.089356454,1,0.846747384,0.63900965,0.558760494,0.274091837,0.25248481,0.167277511,-0.334597611,-0.185747896,-0.309497544,-0.419649305,-0.499566673,-0.085749293,0.244338889,0.105057544,-0.015917161,0.016023081,0.285451812,0.416661554,0.472901592,0.474520292,0.286179641,0.351177008,-0.091495434,-0.016979631,-0.025886232,0.121376098,-0.011528081,-0.046226992,-0.023479058,-0.021591758,-0.019930732,-0.017212695,-0.017322625,-0.016668927,0.021919607,0.002790911,-0.021187045,-0.018867317,0.039497337,-0.010539362,-0.029983833,-3.49E-21,-0.031367033,-0.03266673,-0.021637122,-0.030383462,-2.73E-21,-0.030308422,-0.030056048,-0.031547252,-0.034062419,-0.029751261,-0.025520786,-0.029382195,-0.029911579,-0.030011095,-0.033646483,-0.029833883,-0.026550998,-0.031077998,-0.030616777,0.024746494,-3.47E-21,0.023907469,-0.025541316,3.90E-21,-0.029090676,-0.026416829,-0.561936373
0.63550669,-0.06560366,-0.086498218,0.369038928,-0.074882329,-0.087036328,-0.095157749,0.031477839,0.129339533,0.201474075,0.047730519,0.071425602,-0.038108421,0.107448197,-0.243934572,0.303032664,0.045045211,0.169131299,0.846747384,1,0.805517221,0.673365867,0.437961383,0.255455227,0.301013023,-0.469943615,-0.150069199,-0.253027585,-0.25695708,-0.320416609,-0.072043816,0.094089292,0.07060817,-0.065920397,-0.051886206,0.119492056,0.217306184,0.37185406,0.372981846,0.124315554,0.175969344,-0.139547466,0.102371765,0.089891971,0.085029333,0.065465581,-0.068830349,0.101249968,0.054605485,0.055450274,0.057385868,0.05650421,0.056251053,-0.054191311,0.067879234,0.054778586,0.056046279,-0.027200565,-0.07007004,-0.06625025,0.05617555,-0.08229815,-0.08917946,-0.073903112,-0.082489943,0.059006428,-0.082550332,-0.082829424,-0.08078326,-0.082756897,-0.081247467,-0.078470404,-0.086486077,-0.08661138,-0.081100384,-0.082078308,-0.084001516,-0.072916248,-0.082513551,-0.081187047,0.081306668,0.055026818,0.087443883,-0.08080193,0.053189362,-0.086503663,-0.082077102,-0.499920731
0.641000621,-0.053329702,-0.010888336,0.423334773,0.003465455,-0.010134027,-0.034649534,0.172730115,0.201475382,0.197412817,0.007324714,-0.003510909,0.002789817,0.129548299,-0.416796695,0.351005622,0.00372795,0.179093791,0.63900965,0.805517221,1,0.785847169,0.329691441,0.369102835,0.49215003,-0.57128089,-0.388458104,-0.394846095,-0.311624932,-0.401529915,-0.092731884,0.132117741,0.064395865,-0.109212026,-0.04622416,0.099599678,0.148987506,0.492483039,0.494192348,0.115028536,0.15370782,-0.141459848,-0.018354143,0.003287775,0.071014175,0.002796572,-0.008331878,-0.004981422,-0.008670517,-0.007716933,-0.006321001,-0.005973796,-0.006167223,0.013413793,0.006776048,-0.008950071,-0.007188935,0.032957079,-0.005714959,-0.016258707,0,-0.017008746,-0.017713505,-0.01173271,-0.016475405,0,-0.016434715,-0.016297865,-0.017106469,-0.018470316,-0.016132594,-0.013838623,-0.015932469,-0.016219527,-0.016273489,-0.018244776,-0.016177396,-0.014397255,-0.016852017,-0.01660192,0.013418764,0,0.012963804,-0.013849756,0,-0.015774393,-0.014324502,-0.400298908
0.438989732,-0.040466172,-0.004735458,0.360275874,0.044440912,-0.052411227,-0.003957913,0.164103354,0.198931813,0.011644573,0.026129535,0.008995136,0.050889888,0.016657711,-0.488544238,0.204117699,0.057669168,0.408742307,0.558760494,0.673365867,0.785847169,1,0.293143198,0.283657493,0.362887009,-0.319846926,-0.268704328,-0.466132723,-0.011554716,-0.373786347,-0.102195953,0.101389403,0.017674155,-0.076348453,-0.026114725,0.012201976,0.020971623,0.473913193,0.476739232,0.043842895,0.078831519,-0.125767389,0.047173386,0.04616819,0.048020671,0.015360574,-0.004922731,0.049572927,0.008380073,0.008842872,0.007372923,0.00869165,0.003834734,0.022562356,0.02096302,0.001446179,0.007458917,0.023704952,-0.007479792,-0.001717723,-0.007321829,-0.004862968,-0.004849883,-0.004773355,-0.005247001,-0.0179108,-0.005288211,-0.005362711,-0.004873813,-0.005133196,-0.00514865,-0.005606275,-0.006396077,-0.005742819,-0.005139058,-0.004294178,-0.005594848,-0.003420135,-0.004770098,-0.005163564,0.00624629,-0.012513417,0.007918334,-0.004598545,0.00105209,-0.006653876,-0.004598726,-0.441610796
0.350758544,-0.639358179,-0.661688302,-0.336415416,-0.32399172,-0.225917267,-0.238007441,0.33499933,0.48579259,0.243939848,0.574529171,0.720726095,-0.615869664,-0.458971101,-0.078590881,0.114447928,-0.21683098,0.082107212,0.274091837,0.437961383,0.329691441,0.293143198,1,-0.330203466,-0.172956055,-0.364176617,0.010890847,-0.007413921,0.084519138,-0.060614966,-0.127951795,-0.015199492,-0.174027828,-0.538364604,-0.625160925,-0.493424407,-0.239106602,0.069133128,0.064058471,-0.552764893,-0.510748405,-0.671943884,0.700563016,0.721454316,-0.272379815,0.725525467,-0.151168706,0.755871615,0.703490423,0.705694148,0.714146433,0.717476621,0.70612834,-0.721127149,0.70410949,0.718417276,0.708955147,-0.571948565,-0.720778882,-0.68231159,0.536565571,-0.742852547,-0.742413637,-0.737656764,-0.747734719,0.427401289,-0.748252047,-0.750794592,-0.73216691,-0.704590274,-0.746090256,-0.753075138,-0.762424668,-0.763040104,-0.744925434,-0.729987135,-0.756146047,-0.734530637,-0.747384718,-0.737648179,0.764431996,0.695797595,0.770086246,-0.761389592,0.609530838,-0.757181108,-0.750309782,-0.195915771
0.257013405,0.601463152,0.598177749,0.806879133,0.091630926,-0.060979624,0.065202159,-0.297461682,-0.348566881,-0.047638806,-0.565423226,-0.730098708,0.643376629,0.675253037,0.017667543,0.234108561,0.25061785,-0.15991497,0.25248481,0.255455227,0.369102835,0.283657493,-0.330203466,1,0.603125311,0.11484997,0.195833224,0.197573067,-0.416398701,-0.327563722,-0.071118862,0.136624944,0.189693741,0.672759722,0.711496246,0.743405984,0.635246341,0.003647161,0.010375436,0.776335025,0.778727711,0.713298549,-0.655992579,-0.723958399,0.261144037,-0.740208311,0.103260807,-0.747317226,-0.728016163,-0.727443326,-0.729629469,-0.731548808,-0.724056378,0.732807051,-0.692187292,-0.737355094,-0.728750864,0.604349926,0.62342739,0.604024503,-0.499768713,0.648619104,0.646069988,0.64514398,0.652449595,-0.356115906,0.652853311,0.655033094,0.639080407,0.611823708,0.651281278,0.657400716,0.663604168,0.665049766,0.650424766,0.638100496,0.659445708,0.645668715,0.652970706,0.643361646,-0.666593795,-0.698855438,-0.668393975,0.665602151,-0.596874855,0.657798972,0.653696551,-0.262193726
0.269834399,0.373403718,0.353472583,0.607814395,-0.072607053,0.257729939,-0.064258322,-0.012225754,-0.14124638,-0.09495655,-0.414062913,-0.491769374,0.384704448,0.501510053,-0.383086089,0.283185647,-0.024544893,-0.266284768,0.167277511,0.301013023,0.49215003,0.362887009,-0.172956055,0.603125311,1,-0.228143523,-0.12354475,0.060453927,-0.263060352,0.052325501,-0.000245122,0.141915768,0.163299653,0.277128996,0.343577955,0.552058553,0.516071654,-0.051763528,-0.049023067,0.54254296,0.538727321,0.385813186,-0.547377506,-0.494524408,0.114587961,-0.481606848,0.024106259,-0.5453672,-0.476268413,-0.476989334,-0.477693074,-0.478147599,-0.470470776,0.40685176,-0.475591995,-0.472549917,-0.476455908,0.336770192,0.382335476,0.396466512,-0.308331392,0.422570695,0.406964174,0.397579029,0.424051976,-0.21480944,0.424177581,0.424739956,0.419734804,0.410171117,0.423715905,0.423195878,0.426419177,0.425347328,0.423016021,0.417381075,0.425633546,0.411091526,0.423197186,0.421750313,-0.424031822,-0.423471109,-0.421259157,0.421605739,-0.378238813,0.42625543,0.422591528,0.102069098
-0.356369837,0.304784617,0.351893998,0.105536497,0.075019183,-0.236413856,0.116822566,-0.389067711,-0.36459925,-0.453020318,-0.293599288,-0.350004892,0.413195396,0.177989659,0.324311133,-0.28431211,0.136708586,0.205908622,-0.334597611,-0.469943615,-0.57128089,-0.319846926,-0.364176617,0.11484997,-0.228143523,1,0.706982867,0.325056015,0.383242015,0.044682826,-0.069460035,-0.032311353,0.068594084,0.461707552,0.404986761,0.245461849,0.113125934,-0.532483951,-0.529639102,0.273834962,0.265515484,0.455804311,-0.259211294,-0.322224691,0.139251358,-0.365708289,0.037986214,-0.317310054,-0.356046452,-0.355894862,-0.355878548,-0.35845527,-0.353135967,0.317929185,-0.347426573,-0.359035144,-0.356152289,0.265092674,0.340945846,0.336463366,-0.258336994,0.366290697,0.355660121,0.346250717,0.368381274,-0.18294208,0.368575115,0.369383313,0.363023719,0.35499626,0.367881328,0.368901122,0.373506381,0.37217999,0.366909201,0.36000534,0.370940951,0.353989219,0.367037896,0.365711392,-0.371808243,-0.349957685,-0.374463426,0.369009996,-0.314355666,0.374030879,0.370998361,-0.021523484
-0.279773073,0.152854079,0.252106007,0.10013151,-0.174300202,-0.375673502,-0.112733474,-0.413742123,-0.295525272,-0.123328434,-0.154393754,-0.212793034,0.219306918,0.099913431,0.427576096,-0.198263178,0.135582007,-0.03350777,-0.185747896,-0.150069199,-0.388458104,-0.268704328,0.010890847,0.195833224,-0.12354475,0.706982867,1,0.648698173,0.164289619,0.178557936,-0.081405977,-0.103361662,0.04887766,0.45701974,0.336132392,0.253047853,0.246341554,-0.779752378,-0.780624196,0.245300778,0.257301913,0.411500425,-0.063307742,-0.213557765,0.191049013,-0.239641204,0.017463259,-0.164550144,-0.221955471,-0.222593947,-0.226178185,-0.230002695,-0.22625705,0.194058862,-0.220423087,-0.233580639,-0.224816273,0.136222293,0.190512171,0.144681042,-0.185109695,0.159298083,0.152815934,0.174880891,0.162907194,-0.149351657,0.163236861,0.164331877,0.156866701,0.144023835,0.163606712,0.173711463,0.169236615,0.166701846,0.163227283,0.151566487,0.166157222,0.165027612,0.160673963,0.159998354,-0.178118284,-0.257074972,-0.181022767,0.170891934,-0.236705878,0.168121154,0.164038862,-0.04033606
-0.292253172,0.077994439,0.130102272,-0.078077516,-0.335312631,-0.134493352,-0.237610886,-0.244720028,-0.221887177,0.185684569,-0.106762426,-0.128082506,0.013077885,0.119046316,0.359418467,-0.047069022,-0.000498362,-0.489770165,-0.309497544,-0.253027585,-0.394846095,-0.466132723,-0.007413921,0.197573067,0.060453927,0.325056015,0.648698173,1,-0.264189957,0.469573732,-0.0930246,-0.093495721,0.084390109,0.315444598,0.218883309,0.240491497,0.298510946,-0.801443393,-0.802290488,0.186215602,0.169765118,0.361275109,-0.183541121,-0.258529888,0.062050752,-0.152552959,-0.055727732,-0.244548176,-0.128518047,-0.13033489,-0.134947887,-0.134570397,-0.133010206,0.09320135,-0.151566736,-0.131283162,-0.131958396,0.007953839,0.080672529,0.05605826,-0.050431078,0.054133068,0.047448829,0.072049459,0.056174442,-0.04293878,0.056343204,0.056881618,0.053292957,0.042629607,0.057273289,0.06530101,0.057620455,0.056270762,0.057376944,0.049957419,0.057411643,0.065451971,0.055132964,0.054732764,-0.06651989,-0.103947427,-0.063528673,0.062179164,-0.089824691,0.055911889,0.054735417,0.51129314
-0.460246404,-0.024181971,-0.107905004,-0.281438246,0.212566524,0.110741435,0.163053067,0.003260961,0.03288096,-0.500118188,0.088567665,0.125909071,0.067939308,-0.373051375,0.073791812,-0.425955267,0.158241069,0.619082293,-0.419649305,-0.25695708,-0.311624932,-0.011554716,0.084519138,-0.416398701,-0.263060352,0.383242015,0.164289619,-0.264189957,1,0.30752755,0.09492914,-0.163635223,-0.189015867,-0.039899848,-0.067570995,-0.401731409,-0.555982526,-0.185091991,-0.183727533,-0.355787606,-0.390550815,-0.06037183,0.290581182,0.321511206,-0.123236716,0.134829846,0.055876462,0.329698679,0.128179986,0.12720175,0.125471325,0.125341882,0.116984185,-0.073393201,0.110589034,0.121830448,0.124988764,-0.053602225,-0.029001697,-0.000903215,0.035944009,-0.001292345,-0.02333779,-0.033195556,-0.001675325,0.04950962,-0.001760183,-0.002779523,0.003668289,0.014389765,-0.001161202,-0.005827802,-0.005860854,-0.010596387,-0.001271751,-0.000355437,-0.005041454,-0.016823687,-0.004600458,0.003194683,0.011522701,0.041003732,0.013161334,-0.019077103,-0.001760823,-0.00049477,-0.008017515,-0.027702007
-0.661570613,-0.036540135,-0.060617522,-0.425408717,-0.075702461,0.295178164,-0.085116483,-0.065757569,-0.103271838,-0.079464724,0.00831255,0.037365321,-0.119703638,-0.228949186,0.022463334,-0.197657887,0.025366491,-0.002824859,-0.499566673,-0.320416609,-0.401529915,-0.373786347,-0.060614966,-0.327563722,0.052325501,0.044682826,0.178557936,0.469573732,0.30752755,1,0.051004698,-0.231215844,-0.056256742,-0.013869364,-0.056096376,-0.19831202,-0.278911316,-0.752432515,-0.75603544,-0.206739535,-0.263719049,0.118220158,0.007535477,0.051675929,-0.101334341,0.024181504,0.06949081,0.036073795,0.046274901,0.042566128,0.035815772,0.036541081,0.035179343,-0.06864774,-0.005654124,0.044498662,0.040058847,-0.095464109,0.003290199,0.009360414,0.011504677,0.009792225,0.010197966,0.006754721,0.009485171,0.012113796,0.009461745,0.009382958,0.009848486,0.010633675,0.009287809,0.007967131,0.009172593,0.009337858,0.009368925,0.010503828,0.009313602,0.008288745,0.009701993,0.009558008,-0.007725411,0.011258747,-0.007463482,0.00797354,0.010866795,0.009081587,0.00824686,0.728153238
-0.119149865,0.175907948,-0.009066208,0.060784941,0.098939937,0.456861229,0.075516868,-0.13818722,-0.161464146,-0.089573837,-0.177370388,-0.152147697,0.171065192,0.232090389,0.257473574,-0.077951255,0.089379008,-0.052811425,-0.085749293,-0.072043816,-0.092731884,-0.102195953,-0.127951795,-0.071118862,-0.000245122,-0.069460035,-0.081405977,-0.0930246,0.09492914,0.051004698,1,-0.020951887,-0.049926388,-0.009416249,0.042871127,0.141497014,0.091825451,0.091061383,0.087694274,0.125502619,0.109738397,0.064752896,-0.148457092,-0.0477118,-0.112575841,-0.16123259,0.076107492,-0.094639956,-0.168870971,-0.167443911,-0.159569983,-0.165631278,-0.151687589,0.142373117,-0.154150659,-0.148614145,-0.162946175,0.197006784,0.059424821,0.177662644,-0.179453853,0.187308477,0.196123415,0.127903748,0.181460475,-0.084915838,0.181019976,0.179548362,0.188189317,0.203417168,0.177519415,0.151794606,0.176045297,0.179236942,0.17905519,0.20085449,0.178381203,0.157496363,0.185612261,0.18268596,-0.14742657,-0.13047809,-0.143126873,0.152171457,-0.128404166,0.174299696,0.15760387,0.026148251
0.2467952,0.043571048,0.008042362,0.231047578,-0.08811347,-0.039157225,-0.063228063,0.06289545,0.054951966,0.00178754,-0.002475223,-0.029576567,0.027609099,0.115413125,-0.154276236,0.282054042,-0.001010501,-0.075241933,0.244338889,0.094089292,0.132117741,0.101389403,-0.015199492,0.136624944,0.141915768,-0.032311353,-0.103361662,-0.093495721,-0.163635223,-0.231215844,-0.020951887,1,0.025408538,-0.022813426,0.012066553,0.154063743,0.215956539,0.154273585,0.154548642,0.155394124,0.17697864,-0.017570752,-0.085982587,-0.079039241,0.007762277,-0.026988762,0.01750733,-0.086076903,-0.024796047,-0.023319656,-0.022972771,-0.02089253,-0.021293005,0.030093188,-0.030401596,-0.026248944,-0.023406708,0.013164626,0.005515028,-0.02845836,-0.000574059,-0.003170258,-0.040827406,-0.053471437,-9.02E-05,-0.006296297,5.88E-05,-0.000423732,0.002612842,0.022863043,0.001748366,0.003909166,0.001809034,-0.007618151,-0.001500718,-0.012941501,-0.002322384,-0.036995873,-0.008454524,0.007331771,-3.46E-05,0.005154288,-0.014732731,-0.009702359,-0.068660112,0.017844995,0.023978247,-0.135440639
0.121825579,0.031039317,0.083009597,0.142808744,-0.045010588,-0.013558764,-0.093743596,-0.064912298,0.00955112,-0.286742501,-0.269821185,-0.121323821,0.054848945,0.043243096,-0.086307999,0.139380931,0.22450774,-0.092605875,0.105057544,0.07060817,0.064395865,0.017674155,-0.174027828,0.189693741,0.163299653,0.068594084,0.04887766,0.084390109,-0.189015867,-0.056256742,-0.049926388,0.025408538,1,-0.079991457,-0.090745554,0.162560135,0.143891252,-0.031713284,-0.040037098,0.200579886,0.209184866,0.054334571,-0.200253498,-0.324186176,0.156916608,-0.189709754,0.10449526,-0.285806467,-0.17369952,-0.169758513,-0.155987333,-0.18791764,-0.120934612,0.124852305,-0.138772906,-0.162418901,-0.159622812,0.138888353,0.11966403,-0.004025142,-0.408736677,0.129914265,0.172146161,0.055813434,0.13477839,-0.424427145,0.135469487,0.137225566,0.125664438,0.171196253,0.126948187,0.112726231,0.171799885,0.163401705,0.123055187,0.120848537,0.145204681,0.035402023,0.126214818,0.133004437,-0.134916817,-0.167925516,-0.209781647,0.120356075,-0.271747011,0.188229931,0.160791934,-0.019947702
-0.148205292,0.746039087,0.804770856,0.673305264,0.228780537,-0.082726082,0.22549903,-0.544454117,-0.62142369,-0.237251214,-0.653241392,-0.827083392,0.750226879,0.659868129,0.182098707,0.009148347,0.236018291,-0.071426342,-0.015917161,-0.065920397,-0.109212026,-0.076348453,-0.538364604,0.672759722,0.277128996,0.461707552,0.45701974,0.315444598,-0.039899848,-0.013869364,-0.009416249,-0.022813426,-0.079991457,1,0.971701298,0.697243915,0.492767229,-0.368776325,-0.354084755,0.730655166,0.705064786,0.914858241,-0.604198667,-0.681284786,0.32592328,-0.807656972,-0.123073586,-0.700518417,-0.793444778,-0.800046477,-0.822736145,-0.808286488,-0.841091502,0.7519238,-0.815613445,-0.831879443,-0.813266262,0.532186925,0.818724749,0.791135979,-0.310904583,0.771310149,0.698209955,0.831649565,0.780664444,-0.120393145,0.781368621,0.783481508,0.767509749,0.693686961,0.787280003,0.824125361,0.777298559,0.769483291,0.789210121,0.751246377,0.783838232,0.832414841,0.776590767,0.772960431,-0.821907167,-0.833836959,-0.778259678,0.794740589,-0.709794,0.763440871,0.745943923,-0.183911595
-0.13752844,0.837263058,0.850830952,0.725925612,0.272911448,0.064423351,0.251440275,-0.565252686,-0.666614146,-0.219789412,-0.729168789,-0.9177976,0.836127537,0.754931095,0.188736834,0.0468042,0.234963421,-0.058740361,0.016023081,-0.051886206,-0.04622416,-0.026114725,-0.625160925,0.711496246,0.343577955,0.404986761,0.336132392,0.218883309,-0.067570995,-0.056096376,0.042871127,0.012066553,-0.090745554,0.971701298,1,0.783986308,0.558924039,-0.215551947,-0.200552833,0.819198257,0.786522837,0.937009865,-0.734403667,-0.748079155,0.287127998,-0.89598467,-0.073180149,-0.79963873,-0.886071976,-0.892029656,-0.912796839,-0.898891452,-0.928243432,0.844672759,-0.903785278,-0.919632109,-0.904099782,0.633476943,0.877680981,0.876628781,-0.385310947,0.866444198,0.790541091,0.902121818,0.874810746,-0.159404964,0.875432645,0.877224263,0.862952149,0.794773098,0.880525657,0.910823311,0.870916929,0.862981918,0.882234117,0.847927066,0.877279265,0.913840084,0.870811549,0.86790918,-0.907458057,-0.903832222,-0.865093794,0.881038802,-0.777583451,0.858704916,0.838637837,-0.149783163
